793
22
525
256
438
760
561
807
108
999
14
677
313
359
284
653
453
86
931
924
506
770
45
530
433
625
146
277
325
257
397
402
292
428
111
639
545
286
584
59
211
793
273
792
709
632
693
564
985
194
615
316
529
249
403
12
85
751
321
528
857
102
396
566
741
423
403
847
158
953
589
26
422
599
565
490
952
195
361
397
766
949
167
581
68
407
352
955
942
879
689
30
569
453
198
480
997
732
997
803
85
37
74
140
338
321
400
348
524
48
207
654
861
567
262
379
119
562
577
421
293
501
113
263
225
601
359
354
373
434
355
8
843
574
154
730
280
505
783
370
360
672
40
56
8
744
965
47
246
462
787
342
756
465
830
96
716
322
812
148
118
307
212
53
451
245
132
812
708
892
143
80
677
198
2
107
829
550
111
974
292
786
85
989
493
470
850
110
470
147
735
790
309
520
742
26
101
622
264
312
276
376
516
835
80
416
717
22
775
82
498
165
702
599
941
514
355
27
154
868
886
397
796
366
799
528
804
551
824
429
423
718
488
820
984
265
1
814
170
184
87
990
970
350
341
59
670
928
243
575
139
56
441
238
660
357
173
236
62
552
561
790
637
58
550
447
120
731
819
998
266
676
738
760
246
390
229
315
953
535
166
814
265
476
122
7
499
592
337
520
844
814
256
549
375
518
972
476
782
251
775
670
895
408
446
527
658
301
596
442
122
382
944
831
129
813
817
863
640
61
62
632
882
39
84
521
609
960
999
201
416
493
411
537
195
931
302
666
250
907
101
144
1000
712
639
966
400
108
625
670
642
846
919
336
462
1
33
795
340
355
45
872
875
941
643
866
457
62
326
113
256
57
667
551
105
510
236
182
736
793
115
718
133
662
214
953
980
596
225
892
113
314
863
97
368
516
947
45
734
818
864
110
600
850
658
963
369
967
301
769
737
327
753
531
415
435
4
639
447
359
580
601
710
662
598
279
893
100
81
980
128
660
501
609
311
590
833
372
467
511
725
167
749
833
707
522
262
771
665
950
451
478
723
547
456
554
144
368
565
624
675
442
387
748
808
75
532
269
979
584
265
574
29
1000
760
971
874
969
111
360
52
282
930
243
243
814
686
613
25
379
715
796
850
715
339
54
891
271
110
100
145
171
392
242
677
459
537
510
71
350
835
722
899
797
744
632
334
553
907
295
639
372
66
125
208
808
118
970
684
131
1
631
741
125
707
877
136
726
328
831
758
607
920
118
92
98
679
858
62
744
700
387
784
979
792
269
323
444
778
955
116
607
469
64
658
671
763
747
452
914
50
604
939
811
334
149
712
994
97
849
58
111
467
414
495
403
216
206
576
373
742
802
234
66
2
548
161
86
861
399
410
599
401
870
119
995
428
262
276
312
956
69
341
807
67
17
927
611
270
348
363
707
337
820
742
575
802
194
831
720
672
546
377
290
367
620
440
202
84
784
910
240
867
505
298
706
315
254
248
708
80
288
533
768
969
765
466
599
613
381
252
699
547
517
40
246
67
790
506
812
923
390
674
999
810
60
87
783
951
238
659
41
539
475
537
852
483
122
728
506
966
261
612
241
397
865
264
277
855
846
881
463
235
20
651
687
496
541
757
548
464
870
493
887
65
869
682
563
447
975
836
964
278
655
248
645
382
66
931
670
889
796
602
474
242
564
802
60
226
980
328
171
564
959
906
528
869
209
659
619
149
268
95
312
29
278
430
421
142
265
698
691
527
578
45
804
462
571
128
494
979
150
697
524
722
446
302
332
875
687
753
677
17
54
324
324
604
221
511
706
366
42
202
88
122
417
718
509
666
148
465
867
784
928
646
946
22
953
898
196
164
745
588
234
14
201
96
639
478
377
424
897
445
840
384
759
972
803
190
981
66
200
187
706
390
676
442
719
287
309
164
921
333
849
538
545
628
28
646
100
744
12
968
338
375
488
990
846
227
807
596
930
427
248
81
332
926
989
113
634
966
863
543
919
207
889
229
617
513
841
475
205
339
339
907
56
178
232
707
431
683
7
892
239
576
293
38
233
833
464
366
900
935
975
690
598
124
47
330
997
942
587
793
209
795
105
412
878
675
589
469
742
347
250
908
340
321
623
766
709
477
85
808
809
340
240
479
626
550
431
894
492
965
421
771
71
98
562
442
719
154
111
365
447
256
926
698
73
442
740
721
340
466
29
446
709
572
721
470
949
913
247
290
482
864
657
893
545
899
809
983
869
111
335
839
467
392
916
368
77
522
44
776
905
35
645
728
832
438
911
855
311
999
885
478
551
554
667
157
823
810
366
822
698
927
928
407
92
383
902
506
425
452
203
744
907
27
533
804
120
96
274
962
258
867
419
714
294
836
998
335
522
36
42
559
258
442
572
260
522
531
620
475
507
459
197
363
855
366
971
476
977
896
658
74
793
678
366
132
699
151
946
480
299
665
229
687
230
254
405
541
470
519
931
266
948
762
850
970
567
407
777
586
677
808
27
470
434
626
71
963
596
73
486
562
332
539
292
775
99
376
718
225
74
22
233
9
458
356
650
282
60
350
845
2
493
792
318
123
647
487
966
962
25
269
242
752
153
761
722
561
850
783
338
10
424
999
963
635
928
134
870
986
135
432
936
64
967
188
459
366
462
301
484
107
912
998
276
430
571
771
347
541
95
655
215
648
477
2
612
471
159
458
985
919
53
856
595
206
886
25
872
670
514
989
781
23
194
608
306
744
890
614
823
686
444
688
251
959
734
864
777
80
206
904
13
699
792
327
523
946
705
802
38
45
179
135
409
579
971
532
701
401
787
891
29
728
125
128
52
431
812
252
289
839
787
893
789
151
722
853
485
100
864
235
923
129
20
539
780
219
907
815
365
339
122
936
102
283
798
356
949
622
418
930
620
232
659
475
693
195
337
112
928
180
468
807
403
74
7
719
817
732
9
86
165
828
864
440
154
134
184
695
712
978
912
535
439
91
947
481
3
309
78
220
831
557
304
930
356
869
932
108
974
426
44
451
8
94
680
142
666
826
192
372
998
229
201
770
533
112
884
773
636
281
244
199
861
535
86
122
504
687
614
947
617
949
990
732
878
441
670
149
118
219
297
706
968
538
259
952
619
901
896
794
782
747
477
124
4
556
834
298
601
214
676
189
416
503
407
405
46
951
984
482
903
995
355
860
853
950
405
627
548
676
361
268
146
170
742
333
412
411
541
798
766
445
80
423
573
173
11
649
358
918
753
231
240
469
639
273
389
58
247
663
356
485
395
394
567
834
947
26
132
869
428
864
578
236
659
915
685
225
901
433
421
579
411
573
14
777
569
872
804
169
678
510
693
847
655
998
353
239
912
655
476
319
482
93
959
736
934
499
890
149
885
877
490
765
336
642
828
656
637
992
785
81
930
912
415
815
746
735
532
411
611
48
408
930
707
206
380
309
543
871
446
858
666
720
201
440
640
221
782
225
372
535
550
370
32
703
431
661
894
811
480
150
527
575
794
522
269
207
878
870
516
622
402
181
663
975
971
247
741
784
806
58
49
495
20
927
869
987
641
429
2
579
930
953
847
318
673
630
892
279
462
418
683
670
603
120
130
224
208
173
479
368
484
535
380
413
679
96
240
131
257
825
347
166
394
774
836
486
439
996
252
582
426
94
991
644
746
692
122
395
587
666
279
574
440
438
68
523
725
362
2
891
758
603
86
38
601
568
713
194
523
518
161
952
544
700
485
127
783
589
770
967
339
230
433
714
216
487
532
648
198
842
578
587
399
150
693
35
502
434
882
28
464
944
544
535
848
298
554
892
947
681
434
710
703
437
866
552
592
768
689
410
925
27
716
13
201
451
539
670
348
494
325
732
476
601
60
446
691
674
567
189
46
989
879
777
882
423
825
263
719
52
343
797
679
403
968
798
227
748
716
337
881
631
577
458
888
255
632
615
791
567
730
5
415
390
390
6
394
162
273
195
878
943
407
164
774
171
77
296
601
740
44
123
888
874
510
32
14
637
122
920
723
661
403
249
979
714
904
828
949
828
956
994
844
988
668
724
808
192
175
572
87
379
535
580
933
576
486
778
45
753
211
594
679
973
827
639
766
551
21
977
929
219
830
24
34
321
43
574
683
467
530
281
417
177
352
498
739
487
494
380
205
750
989
177
972
969
667
411
245
655
91
337
19
448
666
453
440
865
865
316
514
60
189
863
406
493
620
584
786
893
357
585
82
957
346
931
398
61
148
557
201
349
715
592
284
641
70
756
633
916
117
804
840
897
74
538
635
19
625
775
589
36
539
96
737
760
446
342
473
560
861
138
161
986
527
156
292
224
975
652
133
10
622
339
513
934
532
647
471
284
216
162
810
851
26
687
398
41
219
70
870
3
35
427
679
925
342
811
921
557
116
726
302
664
718
715
516
609
722
350
628
67
461
122
358
527
109
147
576
258
318
384
980
780
656
728
783
250
684
268
901
571
869
134
731
964
312
711
748
267
309
803
408
951
608
688
138
459
14
122
659
996
646
954
895
884
12
1
552
667
711
95
884
844
967
60
218
754
228
79
624
864
979
863
785
453
629
848
140
777
355
535
876
377
490
21
616
347
456
132
579
789
177
935
28
303
100
572
745
967
356
438
166
735
782
863
822
828
198
172
419
687
445
713
325
211
829
941
265
845
335
233
771
550
830
517
571
881
866
246
801
278
471
971
72
936
278
372
619
981
301
421
451
724
223
458
747
749
136
403
946
397
121
561
557
869
886
370
777
101
993
466
908
345
795
171
411
465
714
460
767
489
410
942
267
767
59
950
180
353
808
281
523
180
134
81
552
427
562
227
121
675
965
200
892
536
901
723
221
247
608
678
641
715
911
879
403
639
405
891
210
218
237
466
407
714
65
171
145
53
517
388
985
784
178
300
116
235
149
764
709
370
12
165
283
136
364
10
324
668
160
316
391
771
640
846
393
932
410
276
406
615
344
186
802
800
402
280
427
948
492
93
25
593
288
855
509
485
451
271
442
644
971
651
637
559
115
926
620
978
881
137
981
610
885
127
211
957
892
832
851
356
427
545
681
759
720
551
786
214
776
424
183
981
763
412
88
707
604
543
429
754
38
304
870
205
862
907
288
889
940
284
876
43
190
504
872
580
427
664
766
710
830
280
42
335
456
227
228
974
213
845
942
701
835
521
747
887
83
513
501
324
727
447
141
612
680
954
381
967
384
623
600
748
37
219
593
748
873
870
241
160
671
260
478
70
42
733
91
180
709
142
332
210
106
851
867
748
452
109
403
694
862
819
184
355
949
230
236
731
427
504
593
491
960
526
714
206
52
482
93
657
591
253
654
913
878
922
464
465
614
953
21
663
859
265
689
752
243
526
332
822
457
658
840
734
497
991
915
698
544
97
269
591
872
603
531
666
659
258
710
116
954
244
893
151
377
190
179
765
110
292
934
949
936
722
704
555
175
947
62
729
87
630
408
556
542
565
438
788
586
781
767
303
479
595
463
275
687
612
521
565
886
531
394
530
124
626
59
331
796
415
615
421
810
335
702
855
483
495
772
34
665
516
753
611
612
138
530
238
872
224
624
310
172
678
68
163
557
258
748
430
867
150
531
500
109
385
837
387
365
952
806
492
339
391
967
705
150
195
821
216
391
329
470
51
966
195
938
633
193
845
702
490
13
966
411
866
593
431
571
470
56
913
121
992
338
316
539
68
102
731
279
786
102
249
986
871
372
752
456
428
262
264
676
360
275
739
711
84
909
63
144
978
900
961
531
103
557
220
163
122
420
279
551
577
889
216
62
137
971
460
23
403
268
929
316
186
631
765
289
146
270
490
233
166
828
560
147
218
45
950
269
274
898
262
767
247
623
41
103
309
64
396
447
857
236
842
891
351
293
935
756
642
20
862
879
861
4
894
25
915
781
298
857
97
311
917
329
349
473
175
815
437
673
201
329
161
943
477
391
616
796
998
987
159
374
376
643
571
199
899
80
739
331
576
51
628
718
703
536
447
309
862
96
384
527
317
387
667
567
742
749
690
135
640
911
957
921
571
200
94
785
766
954
270
266
711
741
41
144
248
200
44
907
933
268
304
611
374
606
921
12
638
805
185
386
656
424
698
286
386
498
688
930
928
35
923
487
666
694
949
685
101
727
7
644
291
163
349
636
58
189
205
746
361
695
164
701
878
951
383
869
629
17
540
169
58
903
20
964
555
376
397
590
835
491
93
535
132
925
58
292
166
232
732
9
194
855
319
500
225
11
697
340
807
651
619
673
331
102
487
841
484
71
835
885
698
9
225
366
703
494
127
448
437
284
633
768
219
819
986
371
957
286
149
656
205
781
4
272
536
769
597
157
168
828
344
953
530
360
636
446
193
544
363
49
22
709
407
528
77
23
102
99
565
17
628
739
332
237
362
987
558
312
360
959
22
750
219
466
874
909
666
870
454
664
44
522
614
65
814
614
735
125
445
881
756
570
433
235
44
392
658
448
402
22
574
498
15
5
24
502
796
624
203
597
919
958
614
894
906
201
658
281
205
656
647
554
469
387
933
640
792
340
775
877
339
966
751
196
931
798
600
64
364
2
579
251
621
649
678
716
781
151
336
811
814
281
633
187
50
969
131
908
756
499
383
125
891
822
581
875
725
269
471
263
523
694
684
407
716
734
196
252
499
818
123
865
970
913
632
325
864
836
602
331
852
336
291
966
70
969
126
742
597
861
106
889
283
134
459
492
236
838
554
492
621
901
500
94
9
768
586
761
384
408
468
60
618
582
103
270
270
253
981
844
643
759
478
503
333
695
55
106
169
377
132
759
3
536
959
299
512
473
781
727
241
484
559
695
71
349
625
136
512
137
425
290
954
154
512
278
417
885
263
144
798
838
343
832
757
746
229
436
758
553
897
165
982
674
681
35
713
779
297
40
80
524
495
367
666
632
698
808
307
75
118
314
213
526
691
79
33
309
119
452
882
506
228
853
663
894
311
653
8
800
25
204
524
831
512
341
708
641
976
158
111
10
294
755
876
19
182
171
621
745
680
730
379
985
425
240
602
322
568
516
254
805
548
924
761
808
457
29
33
902
905
328
299
994
811
226
609
27
81
250
616
119
810
429
533
973
993
826
564
74
320
88
58
262
273
752
844
818
347
544
311
881
384
896
473
423
113
9
928
493
826
959
79
297
66
805
360
4
844
745
207
166
47
790
203
766
689
730
966
223
824
104
375
245
11
710
768
285
140
542
83
416
814
316
983
856
642
211
418
521
600
893
334
265
373
481
176
823
251
497
457
62
349
164
3
742
805
772
318
819
15
451
110
323
348
389
423
709
496
52
554
49
569
896
384
512
229
453
839
359
397
436
904
960
689
388
197
50
529
312
125
178
324
87
120
309
359
631
887
400
216
841
469
188
298
587
193
406
377
508
766
290
799
659
452
947
114
793
105
637
781
729
970
807
156
789
228
114
566
719
291
837
467
11
590
328
20
343
156
213
340
470
888
620
683
568
454
171
547
487
724
737
746
240
487
875
738
574
402
971
566
157
370
101
45
545
240
792
53
764
541
252
734
968
386
92
851
635
644
712
261
629
715
338
846
727
409
860
619
937
416
296
593
509
745
944
202
216
115
99
554
369
370
513
799
798
497
66
911
854
912
956
846
249
367
108
12
845
48
475
456
986
375
758
906
171
551
992
564
608
509
806
188
839
218
538
396
305
611
102
586
206
655
855
312
410
155
487
424
786
264
656
293
908
798
148
467
49
368
707
1
511
791
446
348
903
749
10
257
18
247
43
418
647
992
544
858
654
301
322
818
559
699
435
73
807
165
407
254
172
529
663
295
391
985
56
830
570
903
319
26
735
793
982
524
189
633
723
174
842
58
431
982
413
67
231
143
858
627
201
137
914
44
476
822
28
263
118
890
487
50
757
288
64
292
608
929
278
894
763
384
163
367
234
167
554
272
617
638
250
849
407
96
623
137
593
281
218
271
302
865
37
364
167
433
421
480
854
620
439
261
164
549
950
849
252
61
8
312
79
2
622
656
5
882
713
791
383
749
132
250
301
785
807
716
485
394
450
42
244
627
739
94
910
970
40
782
281
692
339
467
527
865
415
747
461
103
850
545
102
720
447
585
490
983
581
329
807
182
289
396
529
24
498
357
384
280
157
907
958
869
267
104
133
347
746
803
879
893
474
851
518
378
522
640
772
137
998
123
881
646
172
112
300
323
216
537
572
775
159
919
829
930
87
560
544
708
168
759
544
674
643
463
776
32
698
197
834
521
882
515
828
73
863
610
501
606
410
444
111
603
13
623
468
170
556
698
17
669
79
932
368
445
595
280
1
874
901
642
584
755
258
147
14
613
94
30
511
287
171
870
381
555
122
775
198
546
159
420
830
597
573
509
992
293
616
838
848
109
216
538
400
539
959
942
636
898
729
72
186
987
843
437
904
418
441
327
399
835
412
375
801
32
671
764
922
648
618
322
258
762
339
515
643
126
921
140
722
952
622
799
226
173
496
403
945
552
381
83
477
746
495
569
519
929
652
909
889
41
350
846
56
954
539
450
202
94
586
462
100
191
581
81
253
427
55
999
648
94
497
351
967
480
263
416
537
989
798
265
580
638
878
591
275
843
642
674
94
966
987
20
99
614
405
622
351
813
388
523
279
473
995
18
32
241
630
33
981
15
605
101
492
482
370
549
171
921
651
470
386
697
186
147
659
826
24
102
609
344
581
786
576
575
381
866
291
88
933
49
686
739
864
442
37
893
954
913
94
457
291
388
883
124
909
58
773
185
961
670
107
821
150
453
72
553
507
206
651
693
274
200
598
379
102
902
95
234
839
616
589
860
385
931
72
421
803
761
241
157
453
252
430
59
639
360
97
753
308
239
201
154
536
296
521
692
684
251
911
861
580
655
128
82
471
921
758
408
432
819
803
315
179
841
690
539
28
509
327
414
269
779
210
412
545
440
333
971
566
759
104
722
848
54
535
48
488
204
558
722
425
379
929
580
653
100
189
903
960
495
448
494
183
828
412
218
562
991
359
122
333
4
756
925
44
465
325
723
389
685
976
54
47
310
49
505
5
53
592
174
606
251
607
554
516
381
128
165
426
227
351
190
753
702
835
874
674
186
923
518
692
86
852
654
383
786
173
454
794
440
515
826
957
216
629
958
22
937
515
69
557
194
128
974
785
461
251
351
186
249
684
785
493
611
306
542
160
1
97
195
620
515
980
128
743
585
430
994
829
836
975
677
867
169
775
976
958
316
402
395
933
218
122
656
383
402
173
32
492
797
996
767
466
957
271
295
206
81
137
444
379
983
73
693
609
854
297
273
803
748
85
883
875
113
78
73
658
218
580
181
492
808
645
20
439
939
318
287
157
654
568
215
378
621
327
259
310
133
958
790
23
355
556
881
38
60
366
854
790
524
376
891
150
67
676
647
348
109
803
810
958
112
525
211
534
350
693
211
877
599
475
440
723
522
470
673
833
434
440
952
161
575
451
443
920
324
95
87
873
958
981
550
582
789
286
672
457
729
363
511
117
988
20
654
719
872
788
410
82
77
810
935
609
26
115
509
328
955
222
780
165
508
47
464
877
744
705
354
231
13
711
925
561
667
542
612
99
730
443
116
324
886
782
349
470
202
831
252
687
845
732
383
336
806
266
445
396
834
714
900
316
663
418
805
66
663
241
545
788
779
175
815
757
548
974
842
810
608
588
224
316
385
178
150
406
908
463
96
252
283
167
28
782
651
977
453
712
652
628
129
714
436
256
901
873
979
220
644
563
8
412
503
571
935
163
245
819
680
674
939
534
513
207
319
485
420
303
15
587
631
826
860
809
942
700
150
659
504
359
574
535
653
25
475
5
425
759
172
674
561
817
987
882
578
835
940
603
979
862
369
340
233
257
356
679
60
845
236
623
192
405
173
495
657
653
863
13
538
419
305
127
32
367
290
166
906
606
309
111
604
653
906
501
130
729
571
203
681
201
224
105
172
730
974
485
713
307
860
409
500
268
301
903
698
319
186
62
376
763
802
622
804
878
949
549
154
433
471
315
619
672
57
91
705
918
796
350
533
766
267
121
132
539
320
864
569
380
414
636
623
339
265
228
768
93
678
997
208
842
132
843
518
695
288
565
430
81
419
746
353
465
798
692
215
860
468
301
887
436
754
313
902
402
400
831
324
256
881
983
156
738
23
324
370
564
189
267
103
478
175
577
990
253
608
399
67
531
151
31
659
952
174
410
580
844
276
200
502
909
682
86
568
984
764
417
919
320
342
627
137
542
634
491
571
65
664
641
438
817
466
316
572
776
932
624
879
130
336
778
780
918
481
442
133
748
496
32
311
167
605
66
430
442
104
140
362
974
74
988
487
357
571
73
785
941
37
841
603
585
412
952
132
537
518
293
864
559
650
744
190
546
306
570
604
625
678
520
967
120
293
485
279
175
93
46
277
817
671
314
573
948
682
15
43
304
276
192
73
102
536
424
23
760
115
544
684
517
814
888
21
753
148
321
422
767
714
345
563
741
29
331
41
234
741
121
656
220
102
585
927
183
521
124
507
532
207
129
312
384
390
201
171
590
472
135
443
554
681
417
605
520
203
946
55
308
592
719
722
108
657
1
920
822
595
147
351
951
200
347
621
674
92
778
138
324
142
20
512
240
368
291
949
28
767
419
16
632
192
444
702
463
654
937
242
117
964
369
999
603
453
727
252
548
742
667
307
652
262
282
889
9
219
420
716
885
514
569
182
879
660
650
926
77
310
434
532
558
199
158
181
441
246
321
90
27
978
471
114
572
898
781
347
55
966
587
622
648
338
14
262
607
808
175
517
85
465
611
361
479
679
978
794
309
21
290
577
269
696
39
524
326
158
153
854
441
11
874
163
747
601
769
528
825
358
911
582
336
389
940
65
346
500
706
935
560
258
408
120
370
345
502
747
293
301
167
579
295
555
327
90
977
306
993
118
466
437
455
356
400
441
514
781
880
855
961
156
129
27
347
580
344
507
443
601
334
440
270
250
468
343
895
511
495
847
538
367
914
119
493
570
10
609
927
979
650
806
910
394
979
656
795
20
611
842
128
774
372
118
396
154
723
348
945
878
137
816
600
598
875
586
5
608
445
378
861
72
820
531
819
649
697
754
423
305
597
746
915
806
483
413
179
442
461
70
652
846
955
994
317
330
640
516
922
65
949
356
274
146
738
660
499
549
758
170
180
731
275
439
433
657
125
577
447
858
355
486
921
339
194
350
547
865
582
778
87
129
350
482
780
730
513
268
141
683
836
485
16
65
217
970
318
702
797
188
107
33
313
95
590
385
371
454
185
890
875
41
717
620
231
374
286
217
189
432
471
203
390
37
715
161
606
647
259
874
88
584
339
182
453
96
158
999
45
719
682
166
657
90
991
623
721
314
8
618
581
219
215
394
397
917
465
550
483
25
970
519
465
898
792
162
753
195
597
208
840
985
460
709
639
134
628
108
19
459
321
922
224
156
892
286
729
797
413
365
781
183
763
410
222
578
918
250
664
339
790
354
429
735
79
755
253
691
587
175
646
403
106
772
537
701
186
159
226
59
31
267
615
27
174
111
808
20
274
390
760
99
257
432
219
765
426
242
504
890
657
85
614
505
279
871
204
499
791
793
449
826
550
921
64
688
147
396
594
185
518
808
173
978
363
193
374
352
114
33
745
998
707
437
647
572
433
606
471
36
984
715
318
378
641
653
604
43
710
44
527
312
561
324
827
211
627
171
99
650
899
830
54
509
614
187
771
131
57
945
191
113
110
963
876
560
530
52
785
916
566
518
638
145
356
888
104
526
491
655
611
653
706
303
976
294
411
836
980
185
628
249
592
280
562
970
477
713
71
354
364
384
455
666
56
882
392
254
884
994
16
562
751
157
414
913
616
14
331
220
848
125
134
680
378
22
864
233
353
811
930
956
543
680
368
791
693
455
685
348
769
395
832
720
160
441
669
256
316
730
42
764
33
396
487
115
415
21
998
913
102
612
168
556
924
956
987
784
936
293
436
34
256
442
879
339
34
196
633
98
253
103
273
680
322
931
664
474
564
16
260
769
976
391
25
606
665
580
904
837
381
875
655
487
254
857
320
225
584
449
215
415
419
716
613
782
43
160
986
637
798
94
692
325
381
20
43
591
672
193
533
216
584
316
13
305
461
75
257
375
651
507
188
274
349
295
400
762
571
722
413
401
334
172
838
609
302
89
834
479
546
440
605
577
190
957
449
55
61
469
774
727
361
835
128
633
90
245
746
865
815
202
686
53
3
468
453
270
782
703
213
862
895
469
449
559
467
918
553
774
691
639
287
562
260
792
661
959
892
998
483
610
470
35
890
764
832
478
456
587
946
225
286
140
357
546
509
678
861
223
471
182
388
631
458
707
114
515
775
79
417
136
239
48
589
121
259
677
757
623
222
394
337
241
969
234
142
478
958
153
86
495
468
732
74
574
273
359
649
344
247
297
240
601
10
960
63
689
18
646
229
918
123
687
314
513
19
30
512
522
824
736
502
401
545
568
888
118
877
729
505
384
476
746
547
803
704
211
70
97
470
59
984
478
246
207
185
443
218
924
700
986
789
193
623
831
963
860
648
357
126
125
397
773
509
652
787
635
384
566
224
86
660
62
736
161
26
297
887
341
360
619
830
935
432
922
5
450
304
762
816
652
337
49
341
608
94
991
994
697
350
917
354
162
699
842
76
534
719
791
98
277
981
281
300
695
213
445
13
103
563
462
401
950
686
400
486
81
563
127
690
682
413
662
456
994
973
550
54
927
25
824
959
707
626
20
271
560
955
801
950
587
60
678
334
999
423
420
679
858
489
393
623
684
917
249
705
50
964
93
85
724
713
89
192
476
487
291
539
425
468
739
175
378
369
152
460
957
859
279
339
504
158
784
483
832
251
95
923
278
195
269
522
1
515
842
700
300
221
931
965
739
789
361
132
808
98
366
291
927
702
115
408
512
259
242
600
888
633
630
796
881
207
196
456
118
608
602
793
664
355
468
302
353
477
114
223
540
582
936
756
890
149
606
559
209
361
144
246
232
672
629
712
631
604
228
246
245
253
525
372
702
864
354
847
257
885
910
396
384
216
658
437
475
479
828
340
730
60
206
971
942
65
246
991
894
639
83
988
293
517
891
992
834
381
492
311
450
177
2
976
448
629
138
885
743
493
774
542
78
956
350
84
216
249
258
209
965
525
71
837
629
60
688
260
211
472
643
640
778
607
850
101
781
763
660
28
234
562
51
45
87
991
304
750
279
106
611
493
982
348
428
412
291
375
829
288
32
420
885
112
774
523
739
930
456
313
564
26
606
437
840
956
34
579
266
609
997
323
412
87
597
287
131
770
865
607
460
429
954
67
317
114
422
186
280
852
491
108
326
603
965
351
307
217
36
363
492
558
876
569
135
173
501
385
745
384
796
392
186
923
798
91
195
974
171
608
918
960
36
57
188
262
607
579
317
613
361
731
64
744
991
494
491
63
551
22
611
743
993
404
552
734
906
659
197
368
574
505
643
939
79
843
73
44
614
935
631
657
621
942
896
930
655
860
177
490
591
386
701
11
702
572
965
694
748
577
757
378
741
964
318
733
676
749
249
869
254
376
887
295
802
83
27
667
115
403
897
413
370
656
925
530
494
139
57
200
18
188
788
126
484
901
400
517
711
673
672
247
365
983
32
324
100
928
443
382
609
1
617
544
277
152
12
995
703
460
679
591
671
969
651
780
105
702
248
506
922
851
993
925
239
770
981
469
789
942
483
112
19
978
224
59
297
877
995
754
912
577
159
241
461
329
524
743
473
922
334
642
900
677
402
236
270
818
422
132
347
495
615
656
83
498
56
12
509
487
324
805
919
382
136
973
339
650
612
184
289
855
844
309
672
538
959
535
867
206
553
281
283
750
661
437
153
611
962
138
255
921
994
608
629
74
494
504
424
64
116
925
485
170
322
846
565
938
594
182
77
532
478
749
747
314
45
391
394
369
529
833
873
55
294
836
659
247
334
159
196
37
868
611
452
780
375
255
62
722
252
936
278
103
115
632
367
950
535
624
668
619
733
628
104
428
58
53
308
587
130
141
855
457
724
347
779
146
761
98
801
877
576
982
352
848
218
15
593
536
981
678
207
191
228
927
687
398
44
289
533
547
99
9
824
576
809
616
685
601
608
173
692
914
374
784
647
324
500
433
166
581
455
940
251
855
857
85
877
562
949
715
341
727
189
761
37
594
894
777
292
281
543
840
571
19
303
315
384
888
120
35
601
339
453
778
12
646
568
267
243
871
248
664
352
903
603
589
251
844
490
678
236
483
293
331
907
218
37
856
292
224
761
133
101
433
208
838
505
657
470
349
828
855
442
145
580
637
551
606
338
913
694
319
760
461
767
731
740
204
795
174
97
74
582
242
757
691
367
244
786
541
217
819
309
833
800
908
791
601
536
280
140
338
571
537
351
425
474
215
478
340
603
496
106
28
651
308
410
586
237
872
163
336
805
104
901
217
484
88
923
224
95
3
367
204
17
616
983
564
793
501
574
899
445
628
41
806
207
623
803
483
937
850
997
749
898
762
282
900
539
659
837
646
162
429
12
367
549
333
56
695
260
465
494
908
786
869
690
505
789
479
295
744
706
151
572
751
82
585
57
45
761
683
360
993
210
791
681
670
860
301
846
922
556
1000
508
284
12
52
908
197
683
587
683
171
426
707
917
87
175
418
620
706
141
239
196
301
910
244
164
203
665
789
384
199
385
322
869
580
512
453
431
502
351
176
910
399
967
243
524
140
663
627
217
96
11
784
937
502
657
733
156
137
172
216
877
276
630
64
715
468
250
441
180
228
682
705
403
132
10
273
308
190
687
355
948
647
912
948
996
891
403
88
877
674
50
309
423
18
170
581
937
747
307
378
126
364
996
643
419
834
476
808
981
231
737
425
639
81
981
464
968
872
908
575
774
994
474
5
539
883
701
752
401
275
793
764
138
719
931
155
411
558
337
505
571
12
702
193
288
927
457
121
676
178
853
883
136
39
711
151
3
918
564
87
410
869
702
867
248
968
925
363
482
230
170
960
687
858
422
413
404
251
1000
440
157
415
707
908
223
509
436
388
395
977
326
728
193
250
920
827
667
807
669
763
458
602
164
513
854
821
366
329
925
658
574
27
859
509
899
353
474
347
943
346
92
257
692
185
465
483
678
79
842
550
194
262
947
523
149
190
986
415
939
393
917
465
848
152
380
111
784
399
849
1
54
40
933
127
175
578
601
252
994
720
566
693
990
981
645
98
605
199
447
796
951
423
995
407
329
989
293
903
57
620
445
426
668
651
904
462
345
572
139
197
180
828
18
799
997
939
837
521
250
328
853
439
302
797
509
367
553
491
38
641
786
319
372
634
892
387
877
705
3
685
648
657
319
700
826
376
582
599
181
941
129
342
119
567
890
462
147
366
162
192
800
294
355
666
207
501
797
584
638
999
18
288
183
628
885
461
23
533
416
229
488
600
464
699
129
743
36
156
620
110
799
826
812
876
151
768
550
409
867
621
299
214
589
71
688
75
880
327
310
219
222
938
883
405
24
112
384
127
233
108
264
847
206
235
431
370
568
338
344
230
45
290
529
421
343
881
436
774
673
791
510
193
373
307
316
1
690
84
610
977
910
534
175
31
129
702
763
463
766
751
659
244
780
485
816
1
981
605
873
253
102
355
838
331
423
231
51
268
757
364
686
146
952
781
595
718
704
734
856
389
621
83
755
887
424
106
966
553
502
704
444
991
977
886
781
178
106
122
929
660
865
706
658
989
58
613
899
214
99
976
802
341
459
219
495
697
923
220
329
985
189
981
389
28
314
181
740
961
721
521
676
453
605
362
436
72
906
838
601
793
792
964
563
804
973
545
431
53
294
816
89
578
22
988
589
277
499
458
677
693
717
789
470
258
507
480
425
399
503
742
530
615
737
513
604
36
855
509
534
571
152
535
717
822
865
619
23
229
451
493
861
440
699
642
708
236
752
670
420
280
401
130
724
81
684
68
933
100
703
190
397
663
509
807
298
117
953
782
560
991
758
747
264
20
130
559
173
984
730
200
737
535
317
124
581
430
369
445
937
662
383
846
880
308
986
422
233
523
607
466
184
927
498
546
411
610
665
845
352
722
996
60
896
690
571
461
670
850
421
25
827
877
981
923
9
935
149
561
709
755
627
658
99
276
258
729
594
500
704
74
984
255
235
471
321
419
632
762
697
83
728
912
212
104
893
296
872
492
122
618
696
320
237
966
427
907
208
185
437
973
361
458
926
381
698
445
483
982
17
692
797
650
130
840
665
375
474
1000
570
801
639
71
232
783
377
732
678
805
506
717
973
940
579
395
824
434
793
555
475
518
422
516
840
433
263
607
894
407
331
203
232
742
171
321
201
638
371
921
468
112
595
649
930
52
83
396
932
588
338
292
873
521
209
869
721
93
27
763
2
388
372
814
973
554
466
999
416
238
477
936
219
141
315
900
552
272
408
703
314
610
86
575
137
193
323
469
366
978
305
864
945
522
60
632
765
566
754
638
667
549
596
639
69
453
498
210
995
237
799
815
481
914
103
161
180
852
281
862
183
686
47
886
915
760
478
966
867
16
832
109
443
842
440
275
144
466
902
121
626
272
93
581
192
491
407
497
438
387
352
206
671
442
678
362
269
7
441
941
63
991
289
442
878
315
273
699
571
401
491
674
880
341
552
796
908
5
600
930
407
134
474
691
650
451
978
694
695
803
270
72
379
527
934
855
640
909
67
949
841
947
774
57
388
184
962
358
179
999
434
816
920
566
994
241
66
611
603
477
370
374
390
605
729
356
153
212
74
150
622
444
891
403
110
995
114
161
650
161
13
610
21
723
293
997
899
18
139
109
900
112
546
836
867
712
903
570
919
982
494
723
277
556
413
473
860
471
484
913
9
213
883
886
829
80
486
636
613
23
806
23
406
616
132
834
400
918
89
462
201
577
991
153
434
655
665
405
179
382
615
123
217
119
580
438
292
793
896
811
844
513
645
859
568
612
630
968
541
982
231
924
490
280
74
918
392
332
935
160
474
6
373
285
983
58
473
614
828
36
483
116
719
612
268
487
344
359
544
9
445
619
158
713
436
531
340
919
594
458
658
288
973
71
836
333
147
734
576
821
745
462
262
207
480
20
522
525
489
889
834
600
25
225
62
335
612
451
721
525
549
937
625
254
732
936
855
638
700
99
848
577
970
52
647
642
348
558
937
138
867
725
402
465
752
696
912
23
462
366
947
512
31
140
869
369
660
830
393
640
232
926
491
154
970
389
195
944
881
324
369
651
124
366
565
244
448
817
174
580
231
315
452
343
795
735
693
376
715
119
159
494
764
615
672
582
698
929
83
257
743
580
328
199
545
845
900
451
154
77
660
182
532
149
445
785
816
903
272
24
146
456
678
870
796
258
849
810
637
488
405
284
467
214
620
910
813
373
761
122
645
349
883
846
258
57
523
541
718
576
52
270
447
942
901
16
184
5
885
437
108
124
368
212
669
881
337
412
789
641
957
203
699
395
391
70
883
170
951
307
350
310
868
129
359
808
146
148
608
184
531
227
842
611
359
45
85
968
560
899
939
375
298
890
749
209
300
310
421
117
382
129
819
552
705
875
131
587
847
631
515
312
236
610
127
792
302
318
917
116
226
449
907
136
118
383
580
143
581
350
275
257
557
458
340
371
787
24
453
314
807
403
322
422
943
982
426
658
553
295
632
296
761
882
576
632
152
322
45
824
809
338
651
595
909
595
850
450
19
666
811
558
995
940
990
436
582
980
443
549
279
22
880
580
906
301
474
677
298
372
704
383
202
726
803
49
887
74
823
346
996
394
142
781
115
716
507
636
779
56
694
691
5
563
221
274
408
872
442
17
593
105
707
235
985
401
700
985
330
186
267
460
98
205
345
113
655
942
783
892
744
20
334
534
846
431
497
901
828
309
329
303
136
182
765
474
978
244
493
50
220
985
317
732
130
491
304
819
170
713
205
90
950
85
457
466
811
268
245
412
314
808
314
995
845
662
697
355
344
103
330
966
948
286
282
877
28
150
917
403
876
480
322
526
712
840
538
421
758
477
387
978
399
295
719
175
919
616
12
767
315
667
717
867
415
381
538
660
997
20
566
728
817
468
369
956
68
874
708
542
204
585
151
313
522
259
220
468
221
997
266
807
636
481
344
654
567
614
121
355
342
465
28
255
72
840
572
333
815
561
406
389
467
398
494
572
8
624
687
514
773
150
844
155
672
219
73
678
570
770
416
232
217
887
587
401
526
141
652
629
994
532
44
600
487
302
239
797
345
740
897
653
142
561
47
173
821
743
214
500
956
263
501
555
512
68
894
591
659
663
841
275
791
677
304
848
120
504
792
540
230
960
204
861
845
663
883
20
226
14
754
177
242
68
93
205
874
129
771
224
950
267
235
326
150
932
588
331
164
29
732
1
561
583
933
128
441
81
748
212
378
215
900
514
604
987
377
488
176
916
432
527
337
524
800
73
969
992
273
696
21
892
179
34
919
579
264
867
738
792
953
417
359
725
145
586
772
141
611
395
174
648
592
852
516
208
72
985
61
103
341
852
389
345
525
854
542
933
813
13
927
267
332
305
399
406
405
871
507
353
181
134
583
214
991
50
497
255
625
121
444
100
75
568
216
971
529
674
390
175
37
620
445
617
731
814
912
540
245
253
207
97
112
903
973
819
337
906
10
965
139
562
915
200
461
993
330
249
97
844
25
373
1
617
111
468
131
9
361
574
9
71
965
576
198
715
29
601
464
862
857
233
340
682
706
803
96
489
101
12
663
958
901
252
219
857
567
422
136
859
196
744
667
608
407
271
883
226
646
446
159
632
209
239
477
105
232
394
322
847
412
72
353
869
672
574
809
413
985
896
816
51
839
264
263
671
322
576
378
338
451
579
224
647
965
100
488
889
249
488
913
545
920
317
143
89
153
814
586
869
451
509
852
438
581
468
195
543
359
449
72
924
805
885
123
255
968
431
783
86
170
1
453
113
233
692
955
891
881
303
120
983
704
542
817
830
675
818
939
882
789
799
970
570
212
170
53
303
295
447
665
206
733
273
311
274
978
645
194
983
647
794
924
403
364
108
380
343
566
126
947
216
399
173
379
625
274
467
21
793
225
735
247
708
818
333
777
865
381
53
770
69
818
311
70
334
506
955
114
490
374
491
763
378
37
85
954
304
924
276
761
990
728
533
596
768
270
585
662
252
34
548
807
524
235
206
657
774
807
300
89
427
685
221
868
357
50
691
525
586
481
93
412
213
552
730
328
455
180
698
198
610
461
918
944
141
426
918
268
392
422
211
218
858
826
377
304
59
421
462
380
586
942
453
776
649
529
417
436
732
624
242
889
167
548
146
802
492
693
466
755
165
117
127
360
121
513
909
954
473
658
799
786
462
170
173
794
378
992
383
89
992
541
508
967
614
236
999
655
67
441
978
960
735
573
721
250
576
307
693
632
865
181
150
671
878
905
288
997
992
558
305
981
312
802
527
810
22
398
540
886
147
194
764
44
447
102
39
472
794
292
968
765
990
179
914
738
504
653
736
771
379
821
937
842
80
556
963
767
966
114
524
941
275
990
451
514
647
521
97
86
541
655
812
285
776
604
975
318
504
544
217
90
780
245
249
333
782
519
45
503
957
948
777
492
392
225
239
869
206
348
595
642
615
679
384
172
967
799
39
680
532
396
728
172
80
966
150
612
181
412
516
737
760
150
981
601
448
592
587
667
734
249
50
172
150
175
617
498
673
101
505
302
323
483
657
978
307
491
955
811
121
481
818
643
297
936
410
469
482
113
679
434
607
849
499
113
617
675
271
673
245
564
441
933
427
106
345
997
681
990
642
346
716
389
71
504
993
84
856
776
987
376
493
560
61
25
149
392
977
725
961
788
353
746
130
827
685
656
6
860
4
741
440
654
197
446
444
735
971
846
873
750
277
163
626
520
409
238
402
275
243
651
175
194
686
678
422
631
170
131
690
607
373
857
773
250
836
763
182
270
718
348
193
466
572
678
134
1
242
1
371
447
716
150
151
165
515
139
749
440
995
958
505
675
439
715
7
768
41
74
545
771
962
943
894
393
78
464
964
513
537
434
871
752
910
449
829
907
783
258
514
89
558
785
874
584
706
433
582
965
723
906
872
904
667
40
308
389
981
210
683
805
971
218
939
275
659
627
992
762
122
130
859
229
833
945
146
234
561
395
743
699
555
130
660
898
608
227
571
807
840
845
365
749
686
397
910
517
365
743
986
13
750
767
905
92
717
279
332
933
494
439
383
475
869
1
453
263
129
661
188
825
842
558
496
459
170
807
880
97
958
581
310
297
922
978
531
667
209
387
451
304
287
339
1000
740
845
537
941
877
9
137
60
350
107
247
861
340
250
868
760
619
834
811
951
460
161
696
322
886
359
122
823
857
5
829
712
803
795
631
112
167
250
430
125
64
973
354
596
476
779
983
519
178
283
285
486
995
973
851
469
724
251
749
620
926
81
257
715
201
347
960
806
470
200
11
338
335
527
800
553
675
384
758
998
564
28
65
509
521
237
334
638
985
180
27
825
340
854
277
243
409
48
415
653
830
230
820
997
286
465
818
833
713
188
339
520
558
827
160
691
393
549
487
394
75
531
579
333
209
298
234
178
130
274
69
246
652
862
169
993
121
440
160
223
379
981
561
358
465
824
863
3
403
41
219
30
673
968
60
621
326
472
847
566
246
675
348
674
537
788
242
179
776
327
350
449
276
877
951
935
388
320
873
204
861
478
993
325
659
816
164
304
368
891
132
566
428
441
783
379
453
941
168
674
666
608
542
476
677
116
615
158
970
655
263
629
271
784
991
951
474
625
215
255
196
763
650
36
524
489
549
457
190
486
421
676
278
735
104
353
81
306
737
733
289
944
680
618
360
577
81
191
905
50
784
353
12
342
268
750
437
556
429
233
320
752
614
723
258
146
355
833
178
431
849
912
706
164
928
941
113
792
211
948
215
320
634
218
468
761
367
494
919
48
136
617
54
87
699
551
610
146
169
34
7
728
777
461
198
448
996
381
195
590
436
123
191
942
859
392
295
877
916
445
673
10
829
852
142
538
194
715
988
272
855
724
284
351
437
148
199
189
509
98
370
718
256
208
134
475
95
612
521
818
152
182
593
897
824
667
338
752
812
718
540
344
415
832
404
745
463
497
241
664
812
589
545
327
739
386
677
755
517
562
23
553
637
147
195
880
703
346
638
815
935
860
59
187
431
157
157
916
801
88
849
891
983
705
245
921
797
457
136
722
693
237
586
49
286
895
702
21
684
325
233
199
624
772
242
525
444
445
99
580
571
269
250
331
793
389
416
264
933
33
49
506
762
456
416
974
396
520
164
614
799
311
837
945
914
561
946
718
37
15
886
999
146
515
967
960
834
931
817
37
490
223
804
997
221
462
381
905
68
55
843
47
372
244
254
58
861
1
342
392
57
541
235
240
218
679
385
285
262
784
993
524
511
597
523
234
673
753
313
233
512
119
832
848
878
1000
65
658
496
628
907
50
466
113
724
140
390
424
789
25
233
59
224
717
982
142
246
487
944
329
303
964
5
869
664
460
600
142
139
324
840
492
822
741
722
739
538
902
796
954
8
716
510
413
734
949
363
228
133
71
211
768
213
748
59
644
551
699
579
510
187
397
755
973
22
507
513
812
341
896
738
770
645
625
11
519
439
963
966
557
226
73
273
637
688
604
683
565
122
90
728
784
42
52
594
669
751
990
643
840
329
867
117
114
223
2
576
621
681
766
471
481
874
344
72
757
970
218
299
33
147
740
996
467
378
893
898
789
948
139
867
914
173
364
258
157
718
572
308
943
815
943
516
140
710
616
412
344
229
689
28
76
996
373
538
71
555
410
75
225
198
326
282
349
67
493
315
786
168
758
841
316
275
639
486
90
6
701
555
600
719
41
606
676
952
882
473
628
172
664
947
89
946
33
519
842
738
905
24
546
655
208
635
438
914
540
434
159
516
789
199
692
824
388
450
135
457
804
168
488
623
725
954
747
282
867
599
155
393
952
379
722
19
978
359
878
751
53
121
950
674
622
43
421
436
277
825
107
410
923
17
614
519
647
847
750
480
942
715
316
230
505
639
313
574
435
95
375
181
451
360
522
645
249
527
2
215
403
771
979
32
607
651
652
37
339
874
662
749
455
141
705
870
586
658
107
203
889
207
961
565
62
126
122
675
300
739
286
307
382
689
903
561
605
300
547
318
944
11
412
560
953
602
952
173
201
620
551
523
766
756
728
730
863
391
932
188
507
207
213
956
180
702
850
349
839
954
44
14
232
490
19
358
906
739
635
189
957
904
762
743
876
706
621
998
383
96
211
608
302
187
873
707
669
728
529
290
919
778
116
209
443
148
216
475
743
122
558
626
924
954
617
740
173
510
888
322
395
115
707
409
70
380
830
275
733
228
317
537
656
114
294
176
841
627
16
976
773
233
629
806
183
486
853
350
441
138
828
44
257
893
927
520
19
397
931
92
775
415
153
936
531
843
170
804
257
353
10
939
792
74
612
969
980
21
266
52
379
202
380
602
351
398
518
518
29
826
758
20
318
127
194
588
389
399
226
869
305
277
452
448
491
392
524
578
68
814
588
20
217
56
51
854
574
64
780
696
967
970
174
828
439
624
403
441
504
325
271
863
778
24
812
299
303
203
221
734
2
320
378
415
389
466
981
32
944
257
697
503
262
718
340
721
818
399
219
718
989
769
659
590
449
310
999
321
365
97
510
991
6
13
220
868
880
592
919
646
767
188
545
463
944
769
943
259
607
63
595
823
235
756
681
192
411
45
723
403
152
86
91
685
924
397
790
457
272
857
113
275
658
735
477
612
874
914
860
546
819
168
509
819
945
302
372
569
211
300
87
738
767
169
149
387
103
61
483
224
991
106
884
765
823
349
551
256
387
327
418
638
662
899
874
994
607
235
954
50
730
85
275
909
16
444
869
437
889
989
392
982
587
931
572
731
369
189
765
416
974
901
758
170
34
185
920
862
444
826
942
352
746
239
169
428
788
882
175
976
560
262
387
790
577
302
654
333
931
998
116
206
497
989
241
313
681
416
976
856
351
638
978
901
77
741
669
787
757
330
92
973
159
359
616
304
925
658
27
269
298
536
483
739
623
770
167
427
560
733
113
782
389
357
211
267
612
697
221
202
708
607
638
756
660
725
253
351
253
105
964
139
504
844
258
210
427
823
553
986
191
705
917
26
359
102
24
122
158
865
215
99
197
284
18
70
334
787
271
514
350
180
449
719
237
727
346
979
986
456
306
35
226
650
387
31
165
185
272
770
898
69
12
920
465
683
497
861
780
179
699
604
255
45
838
506
64
664
347
560
134
331
280
381
363
549
157
707
947
329
694
801
434
299
705
392
525
110
793
196
299
417
756
68
753
71
541
873
791
383
897
348
820
678
89
615
79
804
488
3
960
698
942
268
437
441
171
98
938
925
260
199
36
721
581
169
73
131
589
36
555
329
383
692
578
37
415
537
404
343
881
145
24
872
947
641
379
285
679
846
620
879
152
410
907
500
38
477
903
805
103
39
15
245
13
307
251
599
261
139
731
626
534
699
239
862
335
396
414
622
86
834
388
535
624
318
116
135
403
591
167
936
247
278
825
825
290
213
890
630
986
349
903
701
553
880
208
938
724
596
283
449
467
639
76
468
480
462
354
895
107
845
378
657
156
793
173
762
417
785
20
942
691
295
521
90
711
582
240
438
790
972
400
495
494
597
94
441
277
945
361
656
755
211
488
402
86
954
618
251
210
799
357
104
565
867
970
303
47
405
603
275
32
621
700
651
317
255
952
781
24
202
763
709
236
643
755
492
5
601
918
660
707
187
878
148
979
835
104
389
816
470
653
245
732
131
647
33
915
916
887
571
297
574
4
168
319
210
357
332
625
465
317
53
539
92
295
443
477
996
439
705
768
654
24
530
949
199
119
678
703
858
430
872
172
178
361
926
869
615
773
385
114
890
683
143
987
489
165
426
1
346
931
639
630
345
994
362
65
695
641
695
239
416
352
762
134
303
301
481
706
440
541
107
207
451
523
746
518
672
66
483
182
341
626
435
126
105
796
643
423
139
842
740
470
781
823
415
978
933
478
775
376
761
749
333
399
957
354
373
232
267
260
90
211
871
934
967
58
915
937
486
935
390
871
764
534
204
416
528
394
785
34
369
338
101
28
708
761
755
925
462
609
619
971
158
620
248
427
665
673
473
725
377
163
427
894
13
734
827
775
430
674
400
607
853
846
404
410
321
981
80
592
821
805
20
87
740
248
816
593
681
435
842
114
340
346
858
735
382
726
881
413
688
464
861
131
565
799
277
677
772
725
947
240
729
200
308
553
243
3
69
733
951
737
842
630
598
35
540
16
230
749
723
884
974
277
236
868
582
846
726
664
623
810
11
504
86
164
391
973
746
142
358
988
289
565
335
913
784
262
673
930
74
155
687
270
524
448
158
381
922
912
494
299
261
932
243
123
164
756
412
30
731
963
920
175
642
153
128
72
62
573
482
411
160
113
534
514
377
48
526
426
602
59
788
399
83
33
773
352
765
286
506
239
717
835
46
278
249
208
741
229
464
819
839
741
681
503
355
496
10
684
672
580
438
825
545
20
724
339
809
246
253
772
567
849
782
840
528
669
853
106
316
765
854
788
973
240
120
194
473
387
175
380
439
612
911
219
309
357
581
773
433
441
661
899
893
844
164
242
154
613
476
470
196
608
901
697
199
637
615
381
212
564
113
86
917
233
251
76
807
295
433
503
450
218
373
333
227
173
558
736
650
916
780
680
546
190
455
886
358
837
311
298
136
700
172
79
135
513
906
297
485
881
962
387
366
935
616
328
520
399
235
668
553
812
678
862
474
6
405
985
685
522
369
447
342
300
710
278
786
178
648
473
193
387
422
42
798
828
416
243
125
258
857
145
73
596
222
501
323
630
353
344
100
806
555
700
954
997
927
774
993
886
603
532
505
982
593
388
501
452
131
695
312
501
894
703
997
749
614
497
836
6
396
330
913
602
888
231
200
286
394
968
673
512
55
850
572
98
95
281
500
325
20
545
41
673
262
167
252
1000
51
648
508
597
38
537
377
360
245
999
545
870
70
168
845
478
380
612
482
187
391
939
995
975
758
642
117
189
740
579
207
695
432
923
785
362
512
234
2
285
253
221
39
427
656
677
806
579
264
549
910
242
987
86
425
479
449
108
136
814
757
146
115
567
19
543
316
430
869
991
174
236
411
499
515
794
305
270
611
123
920
526
20
391
669
72
393
3
505
592
654
651
362
863
404
854
263
566
615
457
378
523
667
533
95
184
984
766
425
441
392
586
214
492
499
211
586
865
435
443
230
919
547
962
496
355
997
430
287
890
712
129
354
25
208
64
135
629
763
194
754
871
505
501
425
106
304
546
470
625
643
16
268
949
966
362
100
252
100
929
112
424
195
481
705
111
661
558
188
878
604
599
858
917
468
318
729
256
421
642
937
905
49
257
235
345
554
86
69
412
752
111
898
137
3
922
824
70
44
1
958
22
928
880
475
298
671
468
125
51
903
266
553
987
935
602
757
307
562
115
179
460
690
611
654
763
929
558
864
100
972
886
161
419
673
198
358
830
861
949
149
822
517
117
580
882
162
464
699
173
907
519
589
7
600
340
867
83
949
736
638
726
712
502
52
519
221
433
264
327
439
967
85
808
16
486
47
515
126
910
891
203
202
510
318
44
912
338
685
571
768
122
331
836
557
820
414
423
685
691
323
321
52
56
132
441
804
996
527
589
623
283
522
213
614
287
547
485
651
544
823
496
145
117
286
550
315
494
792
786
333
6
569
191
512
842
358
308
92
423
281
351
24
399
147
497
537
481
242
870
549
506
19
668
785
7
291
24
59
333
67
45
60
958
69
247
348
521
853
428
386
448
776
248
807
859
920
407
125
162
199
716
938
581
542
1
800
738
306
513
827
306
513
520
415
413
793
975
601
944
931
549
298
54
485
754
555
478
71
767
105
995
591
32
343
994
200
352
92
319
334
374
353
707
512
415
564
687
368
624
822
841
127
454
975
540
755
692
484
696
308
645
349
98
704
109
245
264
925
792
29
709
446
925
475
89
98
486
23
736
581
700
479
820
255
524
481
995
235
66
186
107
644
785
521
88
427
148
466
194
175
390
544
567
861
814
843
500
915
348
763
804
6
843
769
525
673
913
77
976
538
463
64
9
604
64
127
359
295
872
77
415
360
973
417
994
95
883
460
921
357
735
718
66
617
797
731
81
912
593
99
620
847
114
552
598
679
342
30
683
401
599
357
400
452
352
644
467
238
419
799
857
321
670
118
279
858
516
475
584
545
318
725
650
441
610
937
956
287
368
412
121
947
312
771
817
823
614
791
682
1
506
776
858
991
895
962
738
611
771
522
307
307
367
730
409
928
168
852
24
761
431
877
524
428
635
978
527
192
825
765
302
782
206
613
645
62
162
38
619
126
778
800
361
654
687
647
976
327
616
873
161
234
832
574
715
795
935
994
773
262
91
475
45
793
546
292
657
519
38
95
932
516
428
225
412
232
541
553
605
255
415
204
986
297
91
604
750
995
682
478
992
305
954
494
139
820
615
91
188
504
224
4
821
883
430
673
856
795
808
297
873
452
362
879
885
566
830
565
808
473
146
298
414
846
984
566
499
816
581
867
97
936
446
635
118
264
344
227
326
518
526
394
840
151
588
740
241
636
98
570
786
583
830
186
820
375
351
784
216
856
36
5
545
575
867
853
6
101
330
878
127
115
28
200
969
463
911
213
696
564
904
596
410
195
763
264
66
666
887
920
47
798
954
28
748
956
902
777
659
193
115
477
742
431
976
272
302
26
238
57
578
499
213
55
323
7
829
540
908
461
979
298
913
865
777
471
153
617
190
376
242
151
407
55
574
525
662
303
258
168
352
186
552
523
223
954
15
623
130
388
656
726
447
376
132
536
170
906
246
727
571
179
912
57
500
322
908
461
556
459
427
899
656
24
728
966
996
416
400
83
85
434
859
405
90
897
439
178
838
820
202
526
325
421
822
970
358
347
819
138
383
678
888
146
286
741
88
627
549
47
685
290
541
71
1
953
764
546
322
476
937
391
812
902
476
399
849
853
93
727
183
526
435
174
172
558
269
90
216
54
621
102
533
995
584
235
38
337
566
588
263
961
82
358
355
727
385
464
650
589
314
998
445
272
621
441
966
152
910
74
522
75
399
699
637
69
700
61
162
69
765
441
313
333
711
504
855
268
985
287
310
373
385
737
648
830
469
66
542
47
391
373
277
347
54
701
522
514
749
15
662
947
490
126
907
603
646
56
37
427
76
620
939
59
843
336
320
299
323
953
452
757
411
241
617
450
419
319
841
196
213
947
579
560
291
912
325
636
13
161
849
61
160
155
5
585
956
675
124
219
931
958
471
718
419
115
39
145
99
546
679
162
554
666
655
165
779
365
205
188
777
215
339
249
116
422
647
775
407
382
18
631
840
110
230
102
420
896
908
916
8
111
673
894
773
890
497
164
454
740
783
781
324
40
537
353
378
531
181
922
529
593
627
712
144
249
167
793
756
431
669
858
151
973
170
511
48
867
972
831
390
882
835
174
217
350
439
217
107
488
734
166
969
686
431
948
242
153
685
949
933
687
492
344
662
368
946
672
218
961
918
728
821
292
50
920
658
714
386
407
12
332
56
744
681
805
115
935
506
719
207
405
467
565
560
294
408
843
135
397
406
753
941
292
207
287
622
938
54
876
296
56
532
534
407
36
92
868
45
77
8
812
479
908
253
711
506
565
623
511
881
640
836
107
620
970
705
43
664
425
858
588
870
183
81
623
10
930
516
964
111
695
570
9
476
142
262
635
450
853
376
474
970
628
253
428
786
359
523
353
420
455
510
28
204
363
238
675
895
596
40
709
136
710
792
743
335
465
25
75
549
10
513
975
69
900
155
561
87
383
921
517
596
979
817
546
987
765
941
472
503
103
339
575
980
207
94
323
450
394
114
456
588
256
984
945
567
542
801
969
724
588
803
926
821
777
795
508
872
205
41
567
72
724
308
189
746
136
662
470
501
784
594
549
691
513
722
681
382
769
527
271
714
338
172
68
742
473
323
35
185
144
74
266
678
253
154
640
126
367
567
876
239
738
6
413
900
916
790
816
193
916
199
775
84
349
496
62
420
411
549
612
176
85
955
974
725
75
458
588
191
69
85
665
199
896
336
750
206
436
926
904
12
528
218
977
49
800
475
451
460
590
414
723
652
536
403
39
489
725
714
423
494
562
523
378
322
479
900
362
669
96
274
405
712
60
352
93
187
180
149
149
860
466
935
752
106
652
764
25
176
2
261
435
504
623
82
637
828
224
22
121
109
766
853
425
573
954
295
584
278
743
373
946
81
689
688
368
44
741
757
381
487
784
470
506
326
698
786
750
737
103
687
446
996
894
228
745
887
400
678
268
73
738
718
130
823
416
621
417
905
787
956
154
72
664
629
831
344
763
451
30
462
6
972
486
183
413
405
351
956
785
890
810
300
363
428
66
383
248
275
717
58
390
883
408
594
535
572
327
711
915
828
722
158
959
92
637
997
896
244
365
586
921
281
621
166
470
927
195
342
355
660
484
205
873
177
858
253
938
932
71
893
348
258
540
882
29
564
517
103
563
102
746
4
860
892
379
706
853
828
128
595
193
877
869
793
514
336
561
718
76
892
957
507
41
479
639
815
141
939
120
919
938
100
326
558
228
446
364
592
204
772
712
733
713
719
417
656
595
359
183
65
894
776
564
725
915
254
957
505
575
788
964
699
833
205
369
778
616
694
719
71
884
541
740
426
989
990
623
927
868
4
613
107
586
224
513
114
985
743
391
978
416
133
356
565
882
2
79
358
170
24
61
2
381
746
355
99
487
448
79
95
284
18
754
371
149
54
491
719
458
546
652
537
939
451
709
21
19
633
844
740
947
325
693
106
779
737
993
200
170
132
78
506
714
285
912
51
95
668
623
835
408
116
385
179
571
330
790
336
184
108
861
552
443
120
456
208
560
313
554
407
902
383
395
505
658
600
752
786
629
488
531
103
34
8
176
171
436
708
872
822
136
730
236
157
669
44
218
941
327
548
124
152
508
69
147
616
197
738
50
197
973
89
8
117
116
201
958
87
571
805
699
723
673
94
636
202
313
125
950
944
755
410
506
463
971
495
984
149
691
127
470
929
88
644
621
150
96
798
172
50
76
488
801
213
321
162
941
550
608
427
407
908
652
567
294
114
18
186
223
26
66
822
943
806
951
626
241
17
772
699
86
657
146
467
941
733
857
894
162
89
619
165
703
531
99
165
537
266
82
755
339
176
15
682
878
820
804
573
158
979
702
887
4
167
236
763
562
52
314
884
568
985
230
491
645
765
169
610
521
671
782
635
115
490
634
245
808
654
804
898
831
650
769
908
669
133
308
479
89
876
696
751
9
505
451
593
350
240
185
895
526
356
740
373
368
552
993
547
447
906
89
798
642
557
938
274
170
388
220
197
51
726
13
758
727
719
456
809
632
395
462
59
69
393
287
736
265
424
88
693
670
943
632
325
942
146
997
269
81
422
569
44
325
47
646
51
870
72
92
639
525
545
748
497
396
64
460
452
791
293
910
254
873
927
132
287
568
1
48
365
850
923
114
766
887
107
13
950
898
771
575
675
161
958
171
510
248
556
822
236
244
989
300
27
173
68
806
874
299
599
814
588
975
712
313
93
794
94
532
668
420
912
370
785
320
359
431
740
770
255
338
333
261
696
665
707
279
819
607
809
195
959
734
617
173
534
23
786
223
611
6
520
389
74
770
874
909
711
670
520
187
636
129
628
790
76
898
844
638
732
990
504
238
10
671
43
888
217
196
44
920
30
18
412
423
866
605
818
696
157
276
621
895
149
459
30
538
563
149
135
723
693
388
657
156
11
852
394
283
662
236
820
777
775
270
893
331
441
546
295
167
392
952
355
29
465
688
846
637
164
678
39
112
32
200
374
372
934
49
340
757
977
780
629
472
921
316
269
690
433
813
141
943
934
639
361
939
180
577
218
846
139
279
400
440
983
890
612
989
637
82
79
528
10
255
368
283
723
906
43
772
783
792
568
405
370
393
718
564
631
79
617
659
230
325
985
54
332
617
325
231
521
873
808
421
184
585
763
537
230
552
923
880
858
324
514
605
917
979
91
386
794
275
582
260
657
161
806
494
495
907
372
434
557
798
6
494
504
719
867
159
35
562
714
126
553
235
197
24
735
373
561
301
801
154
580
455
615
868
372
560
623
173
856
714
248
300
541
175
820
756
387
667
230
638
912
676
600
57
143
733
771
911
776
477
209
512
907
776
629
87
540
174
667
917
178
546
203
597
668
528
341
245
676
228
949
106
666
818
700
269
566
367
883
436
409
260
647
858
892
668
353
836
718
200
872
895
777
622
26
376
867
885
893
763
736
726
32
534
380
445
2
201
202
668
388
75
900
419
206
982
621
222
92
797
577
655
503
733
926
839
519
921
871
517
293
116
458
754
672
580
990
751
153
819
5
20
224
241
741
583
492
420
538
3
602
20
150
908
538
474
987
964
638
397
648
379
741
780
106
687
453
601
487
444
593
713
443
235
466
851
27
309
191
476
673
482
578
686
323
253
773
393
969
193
777
182
516
172
94
76
355
872
704
736
225
522
421
656
641
972
798
805
707
23
4
285
502
747
636
8
297
195
819
450
450
24
333
708
832
965
157
225
858
325
774
458
314
492
534
753
167
889
49
285
353
926
735
927
381
80
212
916
150
856
507
339
213
59
387
238
522
347
848
989
859
111
215
703
415
359
68
106
956
460
831
335
440
129
818
477
401
988
696
59
670
511
363
903
426
466
139
964
993
16
297
799
493
920
902
27
211
330
380
286
13
541
67
476
93
633
353
1000
998
376
812
36
485
470
664
950
10
456
655
470
909
651
482
801
257
499
242
175
645
552
753
861
623
215
99
630
346
408
842
178
447
237
332
482
606
496
153
848
590
547
167
315
91
993
482
270
134
245
421
152
782
609
903
807
534
826
9
538
115
506
677
561
747
36
190
142
976
997
320
378
918
505
647
461
995
382
559
618
681
614
816
692
830
203
201
854
84
627
368
123
969
381
306
497
958
165
353
744
3
754
49
814
12
183
20
359
402
554
439
376
724
848
523
535
949
145
780
681
53
616
930
220
948
713
451
828
145
627
899
848
276
994
711
722
493
763
205
655
129
860
523
66
566
111
281
779
633
337
403
203
945
141
303
47
245
26
494
346
15
394
924
543
629
664
905
571
376
39
41
314
967
507
762
721
34
49
791
706
328
819
58
557
439
66
96
908
899
543
502
801
116
727
251
794
221
29
719
474
450
719
887
768
494
834
49
202
406
614
377
822
687
981
626
601
880
271
302
879
389
369
222
840
912
837
336
772
214
512
179
438
600
171
259
550
897
443
193
145
16
775
711
585
888
878
758
959
133
389
253
468
289
693
937
472
308
94
402
310
952
196
386
676
900
20
831
151
398
456
284
412
308
319
123
278
96
606
514
164
831
688
486
51
692
222
707
105
959
122
453
322
687
196
237
731
590
640
92
614
133
512
205
165
21
145
458
961
431
234
704
794
622
78
283
914
324
874
137
991
948
698
143
358
340
88
776
624
692
210
788
589
939
974
980
66
357
570
168
682
701
626
93
836
264
763
675
966
568
987
885
132
104
896
566
314
152
486
606
629
337
761
674
512
835
515
869
608
642
332
378
212
811
66
497
59
163
583
238
632
276
872
1
93
176
570
260
930
44
955
887
444
381
241
775
954
968
170
444
166
155
967
773
391
183
807
92
105
950
261
405
103
493
647
179
822
293
422
821
523
938
340
735
210
519
103
252
741
84
454
67
718
953
317
181
300
522
678
713
828
534
756
437
24
148
826
622
225
828
92
686
224
82
783
681
303
233
549
44
582
108
435
179
181
806
438
606
139
505
49
559
929
562
215
168
149
525
903
908
133
152
276
15
925
736
513
628
793
7
349
998
733
938
35
353
771
785
629
868
129
364
119
303
984
48
827
823
903
96
689
478
81
555
774
278
178
224
814
870
323
127
965
802
410
507
796
385
139
546
358
689
951
41
566
116
604
815
378
892
654
673
645
519
974
781
90
358
453
229
668
675
12
596
361
436
626
305
527
132
131
524
867
260
198
760
708
504
797
508
52
480
501
239
446
402
360
281
849
732
585
775
14
38
522
402
939
658
565
775
765
98
805
406
160
54
40
23
32
221
621
242
36
752
169
781
811
896
555
462
988
305
893
999
922
672
163
568
793
456
884
242
252
662
877
481
818
765
154
965
203
403
135
848
594
397
306
157
610
894
233
46
384
32
926
8
885
820
692
40
666
895
714
408
449
110
147
234
829
973
974
123
820
638
884
223
614
990
111
966
291
876
99
272
448
221
114
545
643
999
498
227
140
874
869
382
387
277
906
543
201
646
145
509
75
496
169
529
402
90
554
81
621
280
727
581
145
428
362
261
617
322
8
872
745
891
769
663
572
276
540
691
281
633
473
669
786
188
135
596
892
511
929
950
357
430
217
969
455
926
681
67
180
823
719
358
509
473
621
986
185
297
444
994
371
52
146
32
466
154
534
938
870
938
572
411
516
774
784
252
386
52
310
132
717
859
526
313
928
585
254
103
754
859
930
116
135
237
388
362
808
183
752
857
342
123
182
748
879
945
29
684
712
281
535
947
300
810
931
555
704
578
713
533
128
415
263
146
205
467
895
783
494
636
109
855
406
75
620
539
726
119
861
407
664
766
810
997
113
713
921
156
495
864
753
624
366
808
466
766
125
652
86
442
195
145
397
341
830
390
140
436
686
802
565
971
947
866
429
445
169
543
418
962
76
911
320
162
551
149
97
412
739
207
499
328
793
297
435
894
232
586
662
885
480
454
115
67
831
291
392
629
301
27
739
553
742
445
255
344
994
305
98
356
392
826
680
137
816
853
264
518
106
342
537
159
458
605
392
371
577
379
192
612
981
829
333
282
339
797
987
205
107
698
234
245
601
829
471
98
372
171
611
566
538
765
307
993
601
780
233
180
344
955
493
350
290
872
89
441
883
24
372
979
36
648
554
233
555
125
822
369
698
990
380
732
748
224
364
248
532
6
286
291
946
603
762
727
426
906
661
896
210
987
168
803
36
53
118
680
526
290
301
297
592
237
15
654
32
349
230
939
722
803
805
874
54
899
567
394
408
687
633
839
424
805
84
665
271
413
621
727
87
75
346
360
769
774
134
92
193
222
671
701
76
778
241
420
309
459
627
576
29
957
574
85
430
4
80
880
725
679
114
971
630
88
891
819
138
413
931
377
159
851
607
686
331
85
162
994
919
511
909
68
643
154
419
229
287
905
584
201
372
678
41
310
213
899
765
132
755
644
364
609
27
117
201
581
128
893
260
474
259
789
292
760
742
565
603
852
813
913
594
880
963
328
370
416
511
696
307
907
892
939
829
980
418
22
12
482
890
901
664
614
676
544
37
417
33
596
707
939
137
211
246
101
251
130
991
849
412
696
50
10
572
10
959
928
527
986
920
379
477
57
786
820
771
260
934
120
117
369
235
294
21
889
620
835
339
521
570
789
674
33
769
466
748
662
72
316
179
599
640
456
804
147
828
450
213
279
597
968
224
176
301
998
955
637
376
152
684
464
604
495
902
140
405
773
667
285
930
281
557
554
926
200
22
963
950
690
79
535
995
441
55
626
854
33
714
756
185
627
617
333
767
706
444
648
578
233
509
449
787
169
420
534
563
861
956
153
670
99
658
779
912
493
247
781
426
689
674
241
606
830
727
710
645
867
562
113
686
88
685
982
515
290
903
881
499
417
648
917
998
381
914
309
855
940
11
738
349
961
917
508
500
99
585
335
5
640
436
656
412
889
996
903
520
597
630
659
66
69
781
572
13
820
864
115
94
358
738
869
312
141
751
225
966
243
372
114
462
855
154
634
145
608
18
198
37
562
250
636
659
848
419
397
624
11
776
761
109
480
148
290
715
341
636
223
806
326
724
238
767
280
641
592
937
998
396
913
925
137
86
527
4
403
18
81
491
356
604
886
592
772
332
748
159
942
68
234
506
264
580
606
253
359
25
221
38
235
545
691
968
524
661
353
347
674
194
822
54
946
717
674
630
233
802
862
420
317
537
998
222
720
253
351
121
489
900
769
617
956
702
160
217
85
76
96
959
896
399
138
226
515
147
636
403
246
62
77
72
121
133
561
904
894
671
900
399
490
745
409
203
682
803
734
452
670
939
248
724
880
832
529
797
95
82
691
978
140
143
651
754
687
816
305
544
755
816
91
385
311
624
939
171
752
883
275
966
332
424
749
842
277
73
642
548
756
636
603
391
135
120
261
692
706
498
496
925
806
134
801
715
198
564
640
215
361
555
531
310
530
994
829
547
817
885
145
206
799
935
695
716
344
971
874
936
112
95
904
742
369
334
645
438
944
627
557
884
456
208
482
619
407
141
732
598
913
261
514
584
523
322
265
25
665
340
554
274
9
403
194
362
519
315
778
896
452
1000
307
915
492
395
172
355
622
17
519
117
439
186
75
115
745
393
561
611
190
203
682
731
834
941
183
611
465
78
253
740
773
263
572
388
901
505
17
35
952
452
622
254
505
388
671
265
203
75
889
304
448
768
843
23
952
930
822
384
135
703
796
172
226
152
898
233
192
447
820
713
732
75
772
171
562
591
954
451
363
712
970
206
795
658
134
720
183
52
153
276
156
603
354
238
894
796
148
794
690
497
817
288
969
437
324
682
180
867
799
48
860
881
929
28
538
863
6
748
597
482
459
332
452
239
826
686
40
51
345
468
741
992
281
8
806
635
538
332
709
481
741
723
867
140
433
753
526
135
372
775
689
125
5
127
223
317
83
496
780
95
432
187
531
69
907
801
569
995
500
542
254
284
97
709
796
234
687
93
407
442
712
560
818
251
988
602
619
807
77
920
800
567
838
377
134
436
732
213
99
440
727
408
604
291
683
86
602
891
275
249
536
732
92
342
12
405
192
629
748
245
859
47
609
89
310
924
236
203
143
185
472
149
682
305
820
696
265
120
248
928
93
298
358
845
519
850
937
327
941
950
587
998
953
261
354
242
993
546
357
162
46
189
938
820
931
78
908
872
538
488
75
692
553
360
758
347
697
302
954
667
922
246
307
834
471
211
668
892
551
784
223
615
37
947
775
795
288
31
52
375
703
168
545
4
830
286
594
228
367
51
907
938
295
584
429
950
935
144
244
727
701
58
835
24
346
368
426
248
928
263
586
23
13
106
653
583
243
293
566
594
423
776
795
583
810
553
651
57
745
561
916
411
435
175
370
921
464
7
432
193
898
747
222
499
775
599
595
610
837
872
586
91
321
134
487
447
631
161
490
284
561
374
340
242
194
925
273
406
427
971
485
600
265
581
914
231
711
208
841
476
787
435
619
240
75
30
186
751
750
94
87
516
723
413
298
127
229
926
646
870
892
983
921
683
104
186
909
274
498
248
344
782
285
112
740
417
67
509
434
181
27
958
159
468
344
55
704
957
570
956
135
197
519
908
617
632
942
358
530
725
301
474
644
425
850
936
262
917
236
374
917
539
255
373
75
619
925
40
560
585
373
569
671
290
842
485
583
292
140
943
956
379
286
567
411
399
502
360
8
185
470
147
5
857
791
519
740
133
309
763
469
330
352
16
489
910
481
716
96
735
400
936
916
425
349
937
455
689
513
476
574
281
979
32
972
15
68
673
313
499
76
709
120
990
548
702
321
506
710
467
779
640
230
451
380
567
201
931
162
744
585
614
396
162
490
819
305
301
50
766
158
671
303
468
88
748
825
564
16
36
842
126
725
551
5
59
191
748
135
528
248
424
715
265
685
846
951
525
189
715
860
432
688
683
46
133
917
932
155
558
858
926
268
890
543
982
217
478
60
921
463
592
839
331
400
96
510
92
253
348
196
605
410
370
264
503
34
740
660
745
676
724
878
728
284
147
264
311
839
813
621
956
679
364
697
623
405
173
905
617
7
222
922
420
895
558
220
470
611
996
897
281
678
728
107
673
824
268
463
358
158
412
162
706
971
34
323
534
465
832
279
877
513
922
130
73
437
161
139
457
177
354
345
384
920
449
554
753
409
377
288
239
89
238
525
450
879
819
309
757
537
24
903
195
322
632
231
142
738
74
646
538
399
143
764
662
3
81
322
18
850
392
754
817
498
46
588
342
132
206
730
656
34
576
571
769
670
383
341
556
76
854
156
701
861
749
140
41
990
896
708
155
710
546
361
127
779
591
882
329
652
919
569
436
445
255
74
76
449
405
715
49
494
496
31
269
415
744
529
857
230
758
829
978
915
122
959
478
500
373
689
176
138
655
869
921
456
352
300
36
509
414
275
785
278
473
913
456
77
578
851
24
879
948
723
263
197
904
330
8
382
604
770
352
773
140
230
713
524
946
610
545
941
60
678
750
955
321
91
874
665
995
907
701
950
24
922
302
377
52
967
107
793
961
975
318
638
720
414
723
304
409
580
769
222
478
53
39
404
350
559
209
875
243
9
118
413
629
407
494
444
527
389
825
841
16
178
227
941
442
668
797
485
128
771
420
47
283
66
658
597
99
380
261
44
812
789
428
15
253
216
752
552
97
701
719
902
4
518
98
631
102
380
108
209
646
524
569
689
647
263
470
137
343
589
991
421
335
570
247
252
601
492
325
331
885
359
98
598
397
494
292
51
751
93
533
459
594
274
834
667
158
217
112
671
732
655
922
512
744
740
430
215
780
884
878
62
253
646
504
703
735
471
837
32
638
342
97
193
900
745
990
809
316
578
327
140
876
865
908
560
372
918
266
99
250
361
909
730
293
443
804
116
569
115
20
583
797
181
614
567
181
435
475
999
180
959
504
678
323
684
547
566
147
381
224
494
628
721
981
305
251
194
701
694
32
996
948
895
783
674
73
795
361
6
287
760
485
746
204
983
282
469
478
589
700
900
368
39
771
564
185
5
418
6
142
405
273
463
18
308
160
678
700
668
570
6
883
107
924
500
939
873
931
498
870
18
63
622
235
726
58
97
342
529
600
95
80
120
30
9
888
575
892
790
643
566
624
474
764
581
154
225
308
910
81
502
968
556
224
129
439
338
926
230
236
196
780
897
534
200
155
973
132
745
950
666
486
873
705
65
6
354
216
434
247
317
285
813
418
731
11
634
407
667
867
843
717
155
732
875
894
620
972
25
674
417
870
588
912
337
908
945
128
863
85
554
636
680
276
595
578
470
448
487
727
697
146
302
840
317
306
100
187
162
815
381
154
285
91
237
352
962
774
186
889
57
547
44
535
685
93
450
713
1000
762
998
389
437
335
291
635
165
998
198
434
278
436
460
232
882
672
116
212
764
224
820
41
968
497
151
17
575
966
747
78
455
478
870
979
108
628
1000
293
710
161
315
766
410
552
555
77
302
75
657
468
755
642
284
215
646
548
957
17
990
895
905
321
754
344
949
477
78
913
454
924
268
416
175
299
471
262
278
970
606
366
613
561
876
670
41
354
215
99
670
694
210
719
962
580
289
868
739
691
74
792
812
6
43
529
583
157
561
168
944
487
51
322
723
83
865
348
668
915
750
94
297
417
764
382
836
519
148
529
638
443
807
924
83
806
349
154
299
601
995
781
110
57
2
213
474
951
530
558
116
665
6
608
396
313
990
523
605
645
611
348
751
941
473
765
193
712
117
534
979
791
731
722
316
921
579
63
426
725
732
451
372
696
271
224
81
149
534
613
250
606
785
145
234
866
128
109
933
307
354
900
127
9
798
674
793
594
576
264
418
413
646
936
190
34
84
613
527
123
835
393
122
874
5
581
189
853
735
793
774
445
42
537
376
840
104
410
345
830
914
744
459
110
380
458
6
25
13
255
530
618
638
510
430
766
922
448
874
224
645
673
968
588
50
251
549
797
992
1
158
394
647
585
679
915
986
923
589
627
334
425
231
418
204
279
724
595
667
409
173
717
20
97
921
959
740
940
803
361
473
180
648
458
962
704
606
769
939
295
817
996
414
725
10
943
644
285
794
590
776
937
655
54
587
186
139
555
911
304
509
105
63
477
603
908
819
824
831
871
721
394
738
850
729
75
612
496
780
648
383
613
182
43
492
562
58
984
488
586
239
247
978
792
435
364
987
103
839
31
568
215
217
770
532
35
255
733
892
48
88
607
618
450
308
334
890
478
615
165
9
603
469
920
19
968
259
960
210
55
472
747
235
906
991
135
242
651
117
282
82
622
719
45
55
900
744
865
609
210
513
799
523
513
39
541
465
593
47
752
557
580
817
961
1
543
67
452
988
631
997
876
181
4
196
445
404
836
266
989
763
430
739
797
752
818
217
367
1
593
397
622
964
167
540
132
157
904
120
147
579
797
985
401
167
768
571
221
209
613
180
270
75
397
939
163
686
526
483
600
180
532
921
199
705
847
935
437
697
268
716
786
949
625
900
960
948
207
458
443
316
198
370
357
634
227
813
85
697
100
689
338
41
492
182
91
398
304
658
845
8
385
284
868
274
341
698
989
750
242
703
339
729
152
573
439
331
896
408
283
434
770
451
987
988
140
228
912
767
311
976
768
727
98
551
838
902
529
22
342
57
11
122
579
225
14
430
85
31
685
671
111
290
950
245
555
548
317
867
203
303
86
758
550
612
393
503
411
722
841
235
112
460
220
125
537
579
343
219
209
464
212
758
105
883
127
284
785
844
210
31
863
667
225
256
412
223
18
946
47
874
348
17
74
438
614
973
661
950
437
767
793
671
531
809
520
805
481
539
923
406
423
459
132
724
236
718
225
231
669
226
898
385
769
410
452
342
47
257
171
426
865
802
93
327
653
564
722
932
470
390
590
173
159
795
676
819
440
139
262
213
932
20
593
851
824
49
178
681
868
734
283
201
116
584
891
708
309
905
8
475
874
488
157
216
582
760
977
149
633
595
176
976
419
180
403
931
734
470
638
626
255
945
914
276
953
187
773
969
537
612
328
74
360
524
238
364
380
261
802
134
674
91
55
182
488
508
642
443
945
204
350
197
64
227
195
172
645
563
940
643
635
128
94
388
860
735
531
964
661
443
839
358
555
403
800
886
409
26
815
570
623
693
98
323
763
307
89
396
612
141
203
53
376
674
389
871
357
285
977
491
53
262
121
779
284
110
224
399
532
940
446
486
80
9
435
411
821
787
821
498
928
465
232
832
917
386
934
593
780
233
750
458
955
377
295
239
899
798
628
709
442
237
264
529
771
52
115
843
791
741
437
799
316
225
558
835
441
564
779
707
672
214
325
932
199
905
27
399
239
335
384
897
945
668
143
809
694
726
834
314
10
508
843
819
498
614
243
844
64
264
487
210
668
375
335
384
690
444
433
888
521
766
349
693
776
388
591
703
462
969
332
985
461
429
460
591
243
548
572
996
87
313
97
273
572
902
544
343
17
816
62
935
651
92
528
909
511
386
296
752
37
48
149
924
62
819
708
641
730
446
852
95
218
950
28
792
316
504
857
303
974
588
418
330
677
308
544
319
782
148
356
688
862
681
571
368
345
465
51
916
836
764
407
759
854
818
746
997
897
507
675
101
192
213
688
447
353
253
667
582
275
643
50
832
355
756
285
332
966
940
672
779
734
245
187
547
566
991
898
467
986
463
512
149
842
337
790
75
418
268
395
821
136
169
6
629
725
571
157
43
697
523
522
324
685
478
635
616
319
232
882
823
434
262
204
25
343
133
684
936
210
904
802
588
572
903
683
626
22
871
703
494
752
205
731
324
429
12
204
213
196
727
284
285
181
552
470
767
439
815
459
772
653
649
238
169
354
342
572
552
147
815
89
299
686
237
809
11
172
179
855
496
666
529
941
454
178
335
116
398
348
821
314
814
948
572
605
660
320
898
875
3
539
151
672
257
718
400
205
57
51
169
731
286
87
454
230
939
178
429
929
384
590
234
231
796
926
928
894
628
598
320
729
842
199
986
65
956
787
432
767
918
69
937
100
171
211
296
207
90
35
952
504
758
503
770
404
42
280
762
811
229
201
941
367
250
526
227
195
609
539
398
531
382
322
463
807
179
715
153
641
294
816
70
997
983
621
156
897
215
692
954
988
493
400
893
924
121
705
552
457
155
989
994
471
489
194
749
833
238
174
975
455
784
849
243
986
191
428
425
923
115
328
646
600
832
748
826
584
678
623
383
627
996
776
710
646
27
166
428
251
965
808
310
191
707
524
496
758
800
269
61
744
791
885
291
111
60
221
832
153
375
41
132
724
174
75
66
598
243
251
672
321
349
849
248
750
614
961
234
327
631
519
303
899
645
90
633
56
132
236
667
978
990
888
884
476
30
650
876
302
546
29
858
419
164
751
29
84
973
308
784
60
675
489
651
358
941
906
771
66
798
230
258
184
161
501
938
920
206
909
959
620
79
262
355
315
920
946
876
319
336
840
803
643
531
677
283
309
749
30
859
383
452
274
779
542
575
76
373
9
98
247
624
518
139
414
906
923
612
448
465
262
7
544
60
628
211
278
375
832
21
742
297
943
297
452
153
856
751
887
866
434
823
116
861
218
203
385
818
700
205
543
399
168
79
19
309
388
312
324
323
756
256
163
884
749
40
165
247
209
374
707
830
687
978
314
926
752
774
921
450
426
422
514
417
295
927
172
726
477
123
319
767
150
329
893
802
509
807
496
786
256
597
812
845
357
899
614
123
388
722
586
782
21
508
772
505
919
575
418
571
478
897
26
170
95
273
115
497
876
206
408
864
336
715
205
97
372
56
434
812
773
60
373
770
432
716
47
334
332
412
260
31
683
993
401
603
670
4
515
541
63
237
659
138
779
18
136
306
290
524
777
914
363
788
216
169
671
181
22
64
323
28
518
276
982
677
10
992
951
231
115
395
283
839
737
1
168
843
142
453
78
858
208
905
888
304
287
761
987
631
766
182
186
932
247
655
34
376
899
754
944
440
237
260
398
575
119
61
235
696
609
124
646
876
830
891
984
570
176
411
497
400
71
731
161
68
840
956
405
988
777
738
770
633
627
711
340
90
237
239
493
922
32
844
858
342
264
186
71
596
686
735
175
402
565
626
870
196
353
583
438
680
543
855
700
432
266
774
735
571
588
984
696
313
710
589
391
412
967
573
139
886
347
278
173
870
985
98
494
322
522
105
465
883
207
852
441
232
807
841
101
979
646
427
232
38
991
352
457
302
289
384
673
594
191
55
745
58
589
558
568
84
22
503
727
767
42
627
569
763
276
512
293
429
462
376
657
940
678
958
692
985
437
727
267
111
2
62
624
851
174
359
147
829
202
605
744
98
158
362
277
819
779
915
825
901
67
769
191
494
695
943
677
842
665
471
939
8
145
564
130
470
316
382
739
578
325
374
699
937
499
945
750
154
605
271
254
126
560
732
296
905
308
997
779
899
868
696
674
562
436
839
506
348
132
950
699
227
285
718
770
365
40
846
777
919
66
791
545
298
634
870
642
515
170
58
568
39
22
351
757
204
610
109
671
572
568
409
169
67
918
967
394
90
141
483
875
105
235
935
839
127
316
323
437
176
744
204
686
198
535
538
286
300
411
158
124
606
898
236
504
197
720
162
852
833
14
813
701
957
230
752
485
314
689
570
907
958
56
793
187
237
495
35
363
713
913
439
868
489
310
731
400
828
104
861
515
362
682
869
231
73
665
529
572
524
122
301
673
957
474
16
341
535
971
976
947
952
997
569
17
298
642
254
558
876
828
534
652
152
923
767
145
324
506
988
358
289
264
910
279
676
782
961
281
402
61
554
508
657
154
288
679
894
187
6
100
828
546
394
344
40
34
161
24
282
398
849
878
375
410
506
365
86
864
261
902
22
853
679
412
363
53
821
802
715
990
908
759
232
449
352
884
643
750
694
284
510
29
302
38
792
782
657
135
864
483
869
213
522
273
82
905
993
285
948
66
913
516
503
942
327
280
258
929
995
559
318
651
842
105
237
431
86
363
808
546
48
568
316
608
255
511
960
590
280
259
633
986
856
823
888
686
513
636
796
986
31
508
995
406
955
165
787
629
644
504
600
697
890
566
776
39
99
602
398
232
151
548
87
662
728
357
984
655
205
270
575
733
759
76
158
532
362
726
936
528
894
969
855
239
21
447
281
785
821
584
681
651
675
683
33
351
87
781
460
866
346
475
791
303
848
44
858
643
222
366
772
545
963
767
556
537
796
637
607
135
990
715
45
493
337
178
694
345
94
467
149
248
164
18
773
879
806
538
822
336
313
546
524
629
834
771
943
524
651
350
115
947
314
543
381
572
260
646
923
700
405
220
165
971
216
570
358
557
781
439
624
404
735
713
973
740
475
76
228
243
372
866
186
860
691
19
791
251
20
267
655
157
76
764
585
360
785
948
805
84
839
892
315
306
847
332
901
863
675
751
480
109
370
58
788
533
298
446
90
473
133
329
320
245
577
150
533
489
252
875
41
466
307
824
574
950
840
155
717
613
34
356
471
278
633
774
135
988
895
965
992
133
450
390
368
354
163
314
403
276
506
499
910
504
152
661
642
239
216
405
504
2
159
734
342
886
658
583
156
282
835
644
268
438
806
84
265
224
18
447
267
100
428
685
338
248
172
892
790
334
899
976
58
210
121
48
374
403
643
467
504
434
231
353
404
21
321
685
315
935
729
262
340
217
473
664
19
232
874
556
9
313
154
32
955
409
523
766
684
123
604
690
741
360
212
380
771
726
788
191
641
267
29
946
501
744
476
392
889
886
481
883
342
529
144
443
387
18
974
790
2
368
435
452
829
306
151
77
838
814
877
570
226
484
987
337
264
749
290
774
517
300
619
292
262
744
285
755
294
126
958
311
242
692
1
959
938
729
159
679
839
853
373
623
324
650
149
169
13
101
327
262
431
593
805
889
558
856
455
929
164
520
422
158
21
887
134
267
640
784
967
460
242
871
49
158
457
871
51
208
476
199
498
142
9
574
235
476
320
706
959
168
233
51
212
50
599
300
234
232
807
851
43
681
226
409
846
339
39
396
624
703
413
49
94
34
725
552
430
562
582
732
131
803
591
324
429
715
259
47
608
22
43
438
270
292
697
188
713
609
474
121
870
559
7
271
36
782
61
467
265
62
90
475
940
672
432
544
376
171
665
835
902
866
491
167
262
700
918
51
366
937
70
556
40
82
745
875
332
27
393
647
560
848
86
527
512
841
784
534
846
930
146
662
205
40
286
182
932
564
476
564
360
712
573
486
581
427
779
705
300
40
903
494
239
474
407
331
51
201
372
60
956
31
590
992
204
13
208
264
133
237
555
793
71
208
417
264
138
513
746
536
682
820
782
901
560
817
864
827
474
821
41
367
127
388
869
135
383
921
237
440
848
966
169
20
467
476
215
145
303
81
299
444
797
275
712
208
817
324
524
33
238
835
327
386
916
849
764
112
333
310
831
676
651
942
261
267
87
316
227
286
401
450
827
476
814
536
915
14
993
698
133
388
186
988
234
746
377
909
954
502
646
647
532
116
287
145
581
524
343
220
450
193
141
273
156
680
805
261
284
651
461
481
128
727
172
603
315
790
419
802
426
199
362
333
279
700
580
495
29
327
325
21
926
42
828
617
887
132
246
904
736
888
593
88
873
417
286
657
591
217
165
628
31
931
608
478
252
361
560
987
154
136
603
271
370
393
620
61
352
7
35
855
546
360
19
527
850
739
781
536
290
750
212
969
12
315
92
554
982
276
440
839
402
921
392
577
542
585
916
356
289
583
37
289
114
513
954
53
805
173
589
650
103
688
619
773
936
985
573
658
959
568
181
562
760
317
577
321
864
673
525
599
354
642
939
701
160
98
321
840
359
458
256
832
608
449
662
142
389
467
855
208
471
678
691
1
835
332
140
619
878
455
636
812
394
677
917
124
74
191
451
953
732
370
568
696
509
391
184
842
845
875
87
111
876
271
762
524
852
481
556
375
172
858
644
345
506
255
763
515
683
991
374
387
492
30
318
355
602
96
306
591
776
555
160
914
840
133
738
34
692
936
649
380
490
536
732
475
974
455
793
718
801
858
916
828
714
110
291
888
536
556
488
487
724
776
134
334
481
889
463
86
879
451
120
499
296
999
365
123
785
34
280
839
607
849
899
555
323
313
338
989
86
401
649
498
225
673
869
970
170
682
589
341
336
351
513
972
31
877
343
359
816
934
863
736
659
252
461
917
642
631
992
485
865
537
173
765
317
79
346
340
461
86
553
826
561
718
527
75
691
922
217
95
147
632
708
111
831
145
610
720
201
527
41
505
810
934
593
194
874
338
935
15
710
93
517
392
164
722
235
188
278
835
2
494
820
638
436
933
969
269
374
760
304
322
774
640
357
844
289
997
164
151
24
44
970
309
957
539
381
834
67
215
997
549
695
299
68
605
768
225
542
430
117
760
318
68
377
373
790
689
772
458
944
996
379
3
509
655
914
718
982
30
65
855
718
800
99
48
348
151
967
647
296
188
123
200
560
530
921
645
155
666
603
575
509
92
304
671
828
849
554
123
113
47
160
129
655
307
510
679
388
849
571
834
657
374
826
578
644
538
758
642
232
266
962
103
899
893
892
5
944
242
411
132
514
358
16
189
223
472
483
457
197
542
626
744
283
542
47
628
63
30
436
618
142
791
467
628
395
515
608
825
500
562
910
881
767
476
773
805
841
562
401
559
164
231
741
306
944
393
106
570
950
467
5
913
266
254
921
887
729
355
827
638
438
885
894
636
655
890
18
92
703
716
294
873
548
560
204
220
961
915
356
117
912
255
868
705
73
152
559
318
58
985
695
381
751
486
726
204
795
833
936
911
703
542
516
716
491
800
936
917
395
344
727
607
627
654
827
47
762
132
398
720
887
660
742
97
433
420
777
427
84
665
908
917
710
354
549
26
858
745
127
415
785
166
936
225
875
336
642
648
930
193
284
270
54
956
14
191
98
313
621
249
653
946
560
278
636
556
919
965
340
